Chr	Position	Weight
1	36898	1
1	61999	1
1	135319	1
1	184235	1
2	62000	1
2	70774	1
2	216051	1
2	318192	1
2	431229	1
2	504568	1
2	611905	1
2	662094	1
3	78844	1
3	146649	1
3	225631	1
3	273723	1
4	61275	1
4	64917	1
4	69384	1
4	164298	1
4	280191	1
4	411048	1
4	614433	1
4	700023	1
4	817682	1
4	909447	1
4	1044751	1
4	1242168	1
4	1269918	1
4	1357024	1
4	1509983	1
5	16323	1
5	174295	1
5	258361	1
5	414432	1
6	89605	1
6	204454	1
7	139322	1
7	245112	1
7	271683	1
7	427741	1
7	560083	1
7	609644	1
7	733979	1
7	800086	1
7	949014	1
7	1050446	1
8	81666	1
8	121477	1
8	195949	1
8	378579	1
8	510778	1
9	39367	1
9	166116	1
9	175167	1
9	303983	1
9	424776	1
10	67353	1
10	184128	1
10	190275	1
10	302882	1
10	332595	1
10	398746	1
10	545038	1
10	704425	1
11	19855	1
11	73701	1
11	173133	1
11	317019	1
11	428986	1
11	574134	1
11	619475	1
12	47080	1
12	112468	1
12	223495	1
12	230960	1
12	341507	1
12	677890	1
12	854761	1
13	45908	1
13	159085	1
13	287682	1
13	457507	1
13	540798	1
13	591615	1
13	666667	1
13	773055	1
13	820753	1
13	838336	1
14	57439	1
14	116459	1
14	190588	1
14	372101	1
14	411667	1
14	487663	1
14	550069	1
14	643444	1
14	689310	1
15	40834	1
15	170363	1
15	269276	1
15	407340	1
15	461644	1
15	511001	1
15	670593	1
15	807123	1
15	985377	1
16	29604	1
16	169035	1
16	253600	1
16	375235	1
16	497162	1
16	607677	1
16	677647	1
16	829002	1
16	921490	1
1	90665	1
1	180583	1
2	75822	1
2	116084	1
2	355349	1
2	452408	1
2	626092	1
2	697455	1
2	742220	1
3	42410	1
3	136159	1
3	218906	1
4	34987	1
4	45363	1
4	104854	1
4	137547	1
4	231400	1
4	372238	1
4	480972	1
4	613738	1
4	699022	1
4	770770	1
4	848397	1
4	964418	1
4	1061318	1
4	1242168	1
4	1465187	1
4	1489122	1
5	71501	1
5	224276	1
5	332219	1
5	474020	1
6	85688	1
6	194109	1
6	247915	1
7	23215	1
7	76021	1
7	84678	1
7	398572	1
7	436337	1
7	605710	1
7	798821	1
7	847980	1
7	949014	1
8	46055	1
8	142299	1
8	238746	1
8	360262	1
9	98672	1
9	141141	1
9	157961	1
9	256051	1
9	292353	1
9	357540	1
10	22066	1
10	156143	1
10	236393	1
10	347852	1
10	384310	1
10	504158	1
10	601293	1
10	723783	1
11	33673	1
11	78581	1
11	140833	1
11	298924	1
11	377843	1
11	573513	1
11	616917	1
12	124596	1
12	234128	1
12	323570	1
12	340119	1
12	416793	1
12	439413	1
12	605739	1
12	607531	1
12	717475	1
12	789356	1
12	867114	1
12	930472	1
12	1000542	1
12	1011169	1
12	1056105	1
13	20392	1
13	73993	1
13	114304	1
13	227957	1
13	489569	1
13	556610	1
13	701024	1
13	851409	1
14	71495	1
14	238024	1
14	413686	1
14	548436	1
14	706528	1
15	112969	1
15	154995	1
15	309237	1
15	363553	1
15	687587	1
15	774673	1
15	890957	1
15	997902	1
16	45974	1
16	135326	1
16	292215	1
16	381362	1
16	477152	1
16	643790	1
16	700285	1
16	876810	1
1	33040	1
1	93563	1
1	108457	1
1	178989	1
2	24823	1
2	220122	1
2	417367	1
2	534864	1
2	703780	1
2	741197	1
3	52371	1
3	73479	1
3	174943	1
3	223676	1
3	261312	1
4	33253	1
4	160731	1
4	312250	1
4	410728	1
4	574093	1
4	615581	1
4	720761	1
4	924083	1
4	1059445	1
4	1078458	1
4	1300582	1
4	1349666	1
4	1435647	1
4	1505562	1
5	55841	1
5	124905	1
5	226347	1
5	333114	1
5	398975	1
5	490102	1
6	74035	1
6	203623	1
6	239639	1
7	54056	1
7	102955	1
7	193477	1
7	383573	1
7	411461	1
7	610218	1
7	617861	1
7	802249	1
7	915691	1
7	1010365	1
8	10789	1
8	96126	1
8	237146	1
8	380530	1
8	485261	1
9	141703	1
9	170408	1
9	268176	1
9	332459	1
9	338145	1
10	69580	1
10	188331	1
10	208641	1
10	467010	1
10	573000	1
10	611484	1
10	661171	1
10	704987	1
11	36695	1
11	71541	1
11	238513	1
11	258873	1
11	379495	1
11	606560	1
12	29085	1
12	99470	1
12	135677	1
12	210476	1
12	415537	1
12	561781	1
12	704829	1
12	837497	1
12	866496	1
12	1033274	1
13	77482	1
13	166589	1
13	306582	1
13	388308	1
13	539007	1
13	589273	1
13	662059	1
13	684171	1
13	798332	1
13	874543	1
14	86730	1
14	195766	1
14	205138	1
14	364611	1
14	543829	1
14	702991	1
15	84190	1
15	91686	1
15	220335	1
15	284983	1
15	427406	1
15	494461	1
15	586076	1
15	771765	1
15	984992	1
15	1061582	1
16	49169	1
16	74937	1
16	170076	1
16	213534	1
16	372742	1
16	466824	1
16	676691	1
16	681719	1
16	842073	1
16	921154	1
1	65365	1
1	66696	1
1	190880	1
2	88046	1
2	171433	1
2	288339	1
2	393507	1
2	615654	1
2	695405	1
3	61457	1
3	228886	1
3	304102	1
4	84518	1
4	178219	1
4	300204	1
4	439746	1
4	589440	1
4	868704	1
4	1148435	1
4	1240123	1
4	1289885	1
4	1447694	1
5	31247	1
5	123378	1
5	236672	1
5	463255	1
6	73471	1
6	81686	1
6	235342	1
7	23450	1
7	58485	1
7	76455	1
7	146595	1
7	432654	1
7	801373	1
7	807996	1
7	1012069	1
7	1045920	1
8	13408	1
8	99089	1
8	237556	1
8	361539	1
8	435693	1
8	517336	1
9	55071	1
9	188629	1
9	302793	1
9	402165	1
10	73708	1
10	102662	1
10	247029	1
10	290883	1
10	363678	1
10	663261	1
10	731810	1
11	6678	1
11	48790	1
11	229903	1
11	534309	1
11	604059	1
12	20976	1
12	159591	1
12	320997	1
12	367998	1
12	497835	1
12	552649	1
12	658599	1
12	840577	1
12	877539	1
12	1043701	1
13	70356	1
13	142186	1
13	388416	1
13	560210	1
13	675697	1
13	703253	1
13	795326	1
14	138022	1
14	270523	1
14	416164	1
14	442256	1
14	542443	1
14	715182	1
15	95393	1
15	147007	1
15	284515	1
15	447942	1
15	589700	1
15	822154	1
15	920643	1
15	1004045	1
16	40351	1
16	173330	1
16	226313	1
16	359890	1
16	585153	1
16	679897	1
16	829002	1
1	132066	1
2	101613	1
2	196581	1
2	304384	1
2	479752	1
2	651379	1
2	699461	1
2	738886	1
3	60198	1
3	152546	1
3	225042	1
4	20659	1
4	62366	1
4	156500	1
4	303806	1
4	369366	1
4	550499	1
4	682073	1
4	931988	1
4	999562	1
4	1225088	1
4	1289885	1
4	1316569	1
4	1414490	1
5	123378	1
5	227242	1
5	376375	1
5	461582	1
6	49201	1
6	156218	1
7	20512	1
7	145450	1
7	241354	1
7	384785	1
7	528489	1
7	630335	1
7	878070	1
7	959587	1
7	1022301	1
8	9704	1
8	96126	1
8	121987	1
8	225911	1
8	362504	1
8	498745	1
9	95580	1
9	99647	1
9	122282	1
9	177466	1
9	306523	1
10	51976	1
10	160491	1
10	272381	1
10	359702	1
10	490750	1
10	572936	1
10	627999	1
10	662241	1
10	731810	1
11	119310	1
11	223233	1
11	400341	1
11	581163	1
12	212081	1
12	269839	1
12	388456	1
12	493774	1
12	510423	1
12	605739	1
12	719858	1
12	837595	1
12	879756	1
12	1011169	1
13	27948	1
13	118852	1
13	192332	1
13	333053	1
13	552774	1
13	683958	1
13	748748	1
13	861520	1
14	37986	1
14	117101	1
14	198384	1
14	332278	1
14	439088	1
14	543829	1
14	650366	1
14	709906	1
15	73589	1
15	198213	1
15	288918	1
15	429729	1
15	721240	1
15	804529	1
15	985891	1
15	1043361	1
16	15762	1
16	66703	1
16	213837	1
16	279637	1
16	525053	1
16	586036	1
16	678266	1
16	687687	1
16	878899	1
16	887016	1
1	51434	1
1	108928	1
2	69616	1
2	205151	1
2	215962	1
2	332630	1
2	585909	1
2	706983	1
2	744063	1
3	23567	1
3	105047	1
3	162686	1
3	253903	1
4	28487	1
4	141791	1
4	183975	1
4	314500	1
4	430932	1
4	615413	1
4	699436	1
4	859980	1
4	1125275	1
4	1286949	1
4	1289394	1
4	1475249	1
5	67575	1
5	185983	1
5	333669	1
5	392813	1
5	521857	1
6	51257	1
6	154385	1
6	245103	1
7	39412	1
7	197465	1
7	485223	1
7	524713	1
7	694708	1
7	849134	1
8	187527	1
8	327422	1
9	35955	1
9	136619	1
9	268176	1
9	402165	1
10	332595	1
10	391631	1
10	451382	1
10	573135	1
10	704768	1
11	30068	1
11	243550	1
11	308133	1
11	491399	1
11	526649	1
12	97490	1
12	194032	1
12	257813	1
12	514832	1
12	627543	1
12	677323	1
12	827343	1
12	952886	1
13	24997	1
13	169808	1
13	213972	1
13	412303	1
13	623868	1
13	798060	1
13	858111	1
14	49737	1
14	109033	1
14	210155	1
14	270187	1
14	420029	1
14	486859	1
14	558811	1
14	653557	1
15	40497	1
15	198772	1
15	203506	1
15	443358	1
15	493846	1
15	605119	1
15	648663	1
15	826024	1
15	903843	1
15	941706	1
15	966571	1
15	1053371	1
16	53499	1
16	133951	1
16	224569	1
16	230413	1
16	406826	1
16	528301	1
16	613008	1
16	678266	1
16	829198	1
16	888159	1
1	82076	1
1	130292	1
2	86416	1
2	301455	1
2	426299	1
2	493536	1
2	701303	1
2	735582	1
3	196781	1
4	19376	1
4	134651	1
4	365434	1
4	550672	1
4	726379	1
4	835319	1
4	889122	1
4	927283	1
4	1011936	1
4	1257868	1
4	1334142	1
4	1454543	1
5	85578	1
5	234744	1
5	364031	1
5	452746	1
6	95746	1
6	173500	1
6	226036	1
7	67477	1
7	147427	1
7	253849	1
7	398825	1
7	523732	1
7	677169	1
7	766068	1
7	848452	1
7	938924	1
8	176351	1
8	211042	1
8	328590	1
8	422538	1
8	455850	1
8	510752	1
9	130004	1
9	169640	1
9	249546	1
9	374496	1
10	69275	1
10	192956	1
10	396638	1
10	632972	1
11	143878	1
11	185846	1
11	355272	1
11	477776	1
11	629639	1
12	85916	1
12	180545	1
12	253791	1
12	318672	1
12	568114	1
12	811301	1
12	930472	1
12	1013592	1
13	51084	1
13	132818	1
13	306566	1
13	485130	1
13	626185	1
13	760211	1
13	880820	1
14	110232	1
14	294319	1
14	327569	1
14	427278	1
14	610323	1
14	652054	1
15	39380	1
15	110892	1
15	185134	1
15	189822	1
15	356505	1
15	396613	1
15	607371	1
15	675643	1
15	779467	1
15	803471	1
15	1043118	1
16	105755	1
16	226160	1
16	445378	1
16	535979	1
16	739829	1
16	812990	1
16	888652	1
1	41587	1
1	130254	1
2	60945	1
2	110917	1
2	175964	1
2	286855	1
2	536134	1
2	598328	1
2	632896	1
2	790744	1
3	77826	1
3	163645	1
3	223339	1
4	83831	1
4	107966	1
4	285372	1
4	420793	1
4	565398	1
4	628602	1
4	698417	1
4	888734	1
4	1055562	1
4	1410611	1
4	1490210	1
5	25188	1
5	201879	1
5	297515	1
5	488899	1
5	522010	1
6	43673	1
6	105370	1
6	168241	1
6	245636	1
7	351684	1
7	427318	1
7	611145	1
7	634428	1
7	678405	1
7	824337	1
7	936350	1
7	1050446	1
8	50566	1
8	121477	1
8	191691	1
8	221854	1
8	330629	1
8	421312	1
8	483796	1
9	41898	1
9	166778	1
9	398246	1
10	78874	1
10	361221	1
10	394692	1
10	471532	1
10	556159	1
10	663134	1
11	75663	1
11	93302	1
11	152355	1
11	456734	1
11	592478	1
12	252766	1
12	326929	1
12	390717	1
12	508649	1
12	567266	1
12	627007	1
12	794003	1
12	1011169	1
13	94473	1
13	120376	1
13	355560	1
13	396257	1
13	482500	1
13	557517	1
13	590250	1
13	851409	1
13	912804	1
14	79763	1
14	119128	1
14	289222	1
14	371516	1
14	386898	1
14	483741	1
14	530856	1
14	646799	1
14	720135	1
15	39380	1
15	288781	1
15	481143	1
15	519516	1
15	578915	1
15	733385	1
15	761321	1
16	325797	1
16	408347	1
16	535407	1
16	595421	1
16	656677	1
16	752721	1
16	831160	1
16	918658	1
1	81841	1
1	158814	1
1	166571	1
2	74853	1
2	146169	1
2	247234	1
2	344182	1
2	430040	1
2	540265	1
2	662444	1
2	669586	1
2	733953	1
3	47161	1
3	100585	1
3	212637	1
3	250855	1
3	299645	1
4	353682	1
4	432803	1
4	502245	1
4	699229	1
4	836148	1
4	909447	1
4	1166232	1
4	1288209	1
4	1387436	1
4	1428300	1
5	69083	1
5	98507	1
5	268597	1
5	462614	1
6	40564	1
6	94545	1
6	245484	1
7	81381	1
7	116310	1
7	528674	1
7	609405	1
7	733567	1
7	795543	1
7	959587	1
7	1057978	1
8	48088	1
8	102030	1
8	185364	1
8	485522	1
9	28937	1
9	102438	1
9	274938	1
9	332503	1
9	405665	1
10	60064	1
10	294826	1
10	360746	1
10	401166	1
10	576464	1
10	663134	1
11	19563	1
11	92069	1
11	183958	1
11	369378	1
11	477776	1
11	590067	1
12	36336	1
12	94846	1
12	314849	1
12	404007	1
12	542005	1
12	627007	1
12	789615	1
12	988464	1
13	71137	1
13	214378	1
13	342513	1
13	388308	1
13	412303	1
13	796868	1
14	108405	1
14	168436	1
14	317360	1
14	430018	1
14	471767	1
14	542443	1
14	647815	1
14	761851	1
15	40497	1
15	241147	1
15	394716	1
15	488123	1
15	578388	1
15	738026	1
15	941706	1
16	106450	1
16	147862	1
16	308234	1
16	623258	1
16	696582	1
16	833262	1
1	55914	1
1	128637	1
1	172280	1
2	78701	1
2	151117	1
2	251790	1
2	338664	1
2	410015	1
2	565133	1
2	642776	1
2	738886	1
3	103556	1
3	156868	1
3	253903	1
4	105197	1
4	175847	1
4	263811	1
4	376661	1
4	635784	1
4	808803	1
4	895202	1
4	955643	1
4	1064173	1
4	1149251	1
4	1278992	1
4	1394881	1
4	1442312	1
5	27044	1
5	120378	1
5	213244	1
5	229569	1
5	298538	1
5	360247	1
5	466823	1
5	491222	1
6	40189	1
6	88329	1
6	114016	1
6	189828	1
6	228299	1
7	93381	1
7	141849	1
7	197942	1
7	433416	1
7	452296	1
7	610674	1
7	640786	1
7	697513	1
7	853242	1
7	912297	1
7	991917	1
8	70883	1
8	121987	1
8	280350	1
8	353097	1
8	462676	1
9	82899	1
9	242535	1
9	405665	1
10	36722	1
10	146986	1
10	272728	1
10	316551	1
10	392871	1
10	578943	1
11	19563	1
11	75663	1
11	172715	1
11	263933	1
11	469480	1
11	522560	1
11	635970	1
12	54226	1
12	225174	1
12	568449	1
12	600676	1
12	616917	1
12	678658	1
12	835608	1
12	1013592	1
13	40376	1
13	44157	1
13	100124	1
13	105255	1
13	120604	1
13	223597	1
13	388450	1
13	477780	1
13	575064	1
13	664502	1
13	715590	1
13	772333	1
13	890524	1
14	51868	1
14	200172	1
14	365449	1
14	418723	1
14	440569	1
14	531611	1
14	652389	1
15	40497	1
15	267756	1
15	410471	1
15	570759	1
15	749636	1
15	761947	1
15	968210	1
15	985891	1
16	66393	1
16	312892	1
16	425302	1
16	482104	1
16	653426	1
16	840103	1
1	135319	1
2	39234	1
2	74920	1
2	289129	1
2	457610	1
2	597781	1
2	758926	1
3	40637	1
3	164093	1
3	213185	1
4	55881	1
4	78578	1
4	145805	1
4	230663	1
4	320177	1
4	550807	1
4	616214	1
4	789368	1
4	810702	1
4	1216848	1
4	1363089	1
4	1464429	1
4	1497133	1
5	26678	1
5	225229	1
5	359292	1
5	398975	1
5	540683	1
6	74254	1
6	102489	1
6	173376	1
6	224098	1
7	124671	1
7	249983	1
7	306537	1
7	523732	1
7	766363	1
7	847727	1
7	919947	1
7	1012661	1
8	121987	1
8	189521	1
8	279622	1
8	372964	1
8	517336	1
9	91277	1
9	175368	1
9	275112	1
9	375691	1
10	58607	1
10	157046	1
10	236901	1
10	347630	1
10	373775	1
10	570822	1
10	661017	1
11	80724	1
11	99633	1
11	172151	1
11	479521	1
12	29612	1
12	95188	1
12	234128	1
12	370487	1
12	514832	1
12	777814	1
12	930472	1
12	952469	1
13	54469	1
13	163391	1
13	236819	1
13	406116	1
13	494984	1
13	561397	1
13	665349	1
13	797362	1
13	861184	1
14	187730	1
14	234026	1
14	425075	1
14	606872	1
14	665017	1
14	708870	1
15	150962	1
15	270370	1
15	296401	1
15	347366	1
15	457531	1
15	671012	1
15	779060	1
15	861174	1
15	945099	1
16	72410	1
16	213190	1
16	520684	1
16	586291	1
16	691459	1
16	887495	1
1	59349	1
1	110713	1
1	170726	1
2	27154	1
2	126130	1
2	256767	1
2	332522	1
2	490532	1
2	595927	1
2	760767	1
3	50099	1
3	192715	1
3	223339	1
3	240922	1
4	19746	1
4	184859	1
4	482955	1
4	550499	1
4	714933	1
4	926065	1
4	1081335	1
4	1242241	1
4	1318845	1
4	1476956	1
5	80081	1
5	227836	1
5	400481	1
5	490952	1
5	540205	1
6	62459	1
6	166317	1
6	224098	1
7	100529	1
7	241354	1
7	326015	1
7	433416	1
7	599081	1
7	639946	1
7	763485	1
7	832717	1
7	906494	1
7	1011474	1
8	21612	1
8	121477	1
8	188673	1
8	256905	1
8	459844	1
9	97705	1
9	188629	1
9	268176	1
9	378238	1
10	36217	1
10	149059	1
10	179084	1
10	281003	1
10	348560	1
10	542637	1
10	661017	1
11	13310	1
11	45993	1
11	205607	1
11	246336	1
11	296531	1
11	401736	1
11	578904	1
12	221295	1
12	260298	1
12	535113	1
12	602909	1
12	781856	1
12	829206	1
12	930472	1
13	83128	1
13	164021	1
13	312171	1
13	407663	1
13	523621	1
13	798592	1
14	64611	1
14	261617	1
14	310003	1
14	404051	1
14	543829	1
14	700405	1
14	708870	1
15	39380	1
15	103993	1
15	158356	1
15	170199	1
15	258436	1
15	426767	1
15	762072	1
15	826024	1
15	915310	1
15	987667	1
15	1022673	1
15	1043118	1
16	73929	1
16	176140	1
16	308999	1
16	466824	1
16	525445	1
16	653303	1
16	676046	1
16	746299	1
16	900592	1
16	921490	1
1	68551	1
1	128637	1
1	190558	1
2	66052	1
2	196404	1
2	354317	1
2	406787	1
2	491476	1
2	566265	1
2	633876	1
2	786732	1
3	52350	1
3	59028	1
3	224961	1
4	32904	1
4	59321	1
4	129270	1
4	200025	1
4	269350	1
4	313108	1
4	425896	1
4	617915	1
4	654890	1
4	769356	1
4	826825	1
4	855322	1
4	936980	1
4	1022238	1
4	1092239	1
4	1256876	1
4	1419516	1
5	26678	1
5	97220	1
5	322875	1
5	327970	1
5	401106	1
5	526150	1
6	115717	1
6	232381	1
7	47512	1
7	164774	1
7	287143	1
7	379420	1
7	391859	1
7	622492	1
7	795876	1
7	915691	1
8	73993	1
8	172563	1
8	192435	1
8	261563	1
9	31904	1
9	87789	1
9	193815	1
9	308167	1
9	370024	1
10	140994	1
10	279038	1
10	359702	1
10	494940	1
10	503193	1
11	264611	1
11	268550	1
11	379495	1
11	514543	1
11	642498	1
12	29085	1
12	232046	1
12	322903	1
12	439125	1
12	611994	1
12	708595	1
12	827343	1
12	861841	1
12	947200	1
12	1025702	1
13	76517	1
13	227957	1
13	340680	1
13	444908	1
13	492749	1
13	540798	1
13	695427	1
13	771220	1
13	862065	1
14	23245	1
14	188308	1
14	419029	1
14	507599	1
14	536751	1
14	652389	1
14	735174	1
15	52771	1
15	88299	1
15	199130	1
15	284515	1
15	380192	1
15	455108	1
15	613660	1
15	652485	1
15	780221	1
15	907000	1
15	1047731	1
16	46780	1
16	127985	1
16	254324	1
16	503873	1
16	654370	1
16	774130	1
16	786015	1
1	129063	1
1	189821	1
2	43330	1
2	160618	1
2	288484	1
2	337090	1
2	633876	1
2	748391	1
3	50099	1
3	71079	1
3	215848	1
3	279641	1
4	87326	1
4	411335	1
4	779023	1
4	782863	1
4	1022238	1
4	1057517	1
4	1162650	1
4	1242168	1
4	1269918	1
4	1384185	1
4	1477994	1
5	195341	1
5	413862	1
6	35905	1
6	63014	1
7	23215	1
7	106599	1
7	171676	1
7	397325	1
7	427215	1
7	747304	1
7	796304	1
7	893535	1
7	997093	1
8	25892	1
8	75187	1
8	143727	1
8	406060	1
8	421410	1
8	462825	1
8	482359	1
9	90521	1
9	174961	1
9	421278	1
10	390902	1
10	559588	1
10	639136	1
11	70540	1
11	127396	1
11	379784	1
11	629864	1
12	28820	1
12	179978	1
12	323570	1
12	746372	1
12	830534	1
12	1011169	1
13	25829	1
13	253274	1
13	388308	1
13	429465	1
13	561397	1
13	694139	1
13	779631	1
14	60608	1
14	201411	1
14	365449	1
14	417610	1
14	546106	1
14	694868	1
14	761972	1
15	56223	1
15	83362	1
15	233126	1
15	585644	1
15	720426	1
15	1061339	1
16	22695	1
16	227828	1
16	257730	1
16	358537	1
16	536429	1
16	608142	1
16	685433	1
16	828087	1
16	922622	1
1	72952	1
1	132066	1
1	189821	1
2	44904	1
2	118304	1
2	248918	1
2	341391	1
2	369085	1
2	527865	1
2	614507	1
2	682449	1
2	769699	1
3	30180	1
3	69652	1
3	213866	1
3	264441	1
4	80612	1
4	252376	1
4	368207	1
4	551387	1
4	599029	1
4	840230	1
4	885734	1
4	1088864	1
4	1105249	1
4	1338262	1
4	1490210	1
5	34247	1
5	133491	1
5	155570	1
5	407957	1
6	92995	1
6	181417	1
6	203623	1
7	34666	1
7	93381	1
7	220928	1
7	375933	1
7	612759	1
7	703157	1
7	833796	1
7	960299	1
7	1047531	1
8	17641	1
8	119053	1
8	189221	1
8	205596	1
8	387002	1
8	515676	1
9	53717	1
9	135075	1
9	270710	1
9	332459	1
9	423571	1
10	28795	1
10	91769	1
10	188331	1
10	302882	1
10	394408	1
10	570822	1
10	641571	1
10	713591	1
11	80724	1
11	280388	1
11	372443	1
11	463630	1
11	526035	1
11	574927	1
12	30008	1
12	51125	1
12	234378	1
12	280412	1
12	339496	1
12	415898	1
12	508649	1
12	552323	1
12	729242	1
12	777814	1
12	827901	1
12	869664	1
12	940924	1
12	1012226	1
12	1057759	1
13	18729	1
13	26166	1
13	29779	1
13	101469	1
13	205994	1
13	386785	1
13	442128	1
13	491444	1
13	780241	1
13	912021	1
14	122717	1
14	180909	1
14	368877	1
14	415775	1
14	603842	1
14	662512	1
14	739459	1
14	761636	1
15	40497	1
15	158356	1
15	219124	1
15	414371	1
15	481143	1
15	589700	1
15	733608	1
15	931168	1
15	1007685	1
15	1019036	1
16	39693	1
16	72844	1
16	149427	1
16	195615	1
16	297034	1
16	460696	1
16	564521	1
16	685853	1
16	719419	1
1	70228	1
1	114652	1
1	190558	1
2	71276	1
2	151117	1
2	368442	1
2	476436	1
2	716766	1
2	792465	1
3	55672	1
3	218372	1
4	22594	1
4	25835	1
4	164096	1
4	214052	1
4	426326	1
4	559935	1
4	621879	1
4	767342	1
4	901599	1
4	1095022	1
4	1219718	1
4	1334337	1
4	1496054	1
5	72694	1
5	82641	1
5	194739	1
5	346966	1
5	472051	1
5	522685	1
6	27592	1
6	169269	1
6	203253	1
6	233456	1
7	55957	1
7	73493	1
7	273707	1
7	451921	1
7	558806	1
7	687607	1
7	881427	1
7	904835	1
7	1049349	1
8	9704	1
8	161688	1
8	200955	1
8	366783	1
8	477970	1
8	487338	1
9	113679	1
9	250194	1
9	360682	1
10	36217	1
10	183814	1
10	322451	1
10	485447	1
10	573950	1
10	637392	1
11	38739	1
11	69417	1
11	220318	1
11	463841	1
11	533318	1
12	39963	1
12	201844	1
12	322903	1
12	552323	1
12	710866	1
12	809313	1
12	878842	1
12	1032807	1
13	157807	1
13	202482	1
13	253248	1
13	324584	1
13	382044	1
13	715643	1
13	867864	1
14	49011	1
14	123158	1
14	284733	1
14	354445	1
14	503261	1
14	698660	1
14	769584	1
15	108945	1
15	219936	1
15	397231	1
15	550695	1
15	700294	1
15	878089	1
15	1015192	1
16	21507	1
16	228253	1
16	309899	1
16	378541	1
16	892106	1
1	83613	1
1	114824	1
2	46603	1
2	195735	1
2	371139	1
2	559930	1
2	700950	1
3	59925	1
3	248549	1
4	28639	1
4	104854	1
4	263811	1
4	387772	1
4	471230	1
4	884761	1
4	1013721	1
4	1094698	1
4	1168663	1
4	1316569	1
4	1409741	1
5	79621	1
5	235495	1
6	49201	1
6	94981	1
6	260723	1
7	23215	1
7	164774	1
7	356141	1
7	384641	1
7	547744	1
7	672419	1
8	19808	1
8	188673	1
8	360415	1
9	75717	1
9	307779	1
9	382331	1
10	21758	1
10	146059	1
10	295391	1
10	399390	1
10	465021	1
10	683353	1
11	74603	1
11	164020	1
11	369378	1
11	402660	1
11	610502	1
12	109073	1
12	282215	1
12	421364	1
12	514961	1
12	704793	1
12	758082	1
12	817231	1
12	930472	1
12	1024016	1
13	21157	1
13	81047	1
13	316612	1
13	495304	1
13	652808	1
13	718679	1
13	845028	1
14	34396	1
14	407285	1
14	511502	1
14	692612	1
15	39499	1
15	79906	1
15	286242	1
15	453707	1
15	485571	1
15	655685	1
15	876460	1
15	985932	1
15	1068527	1
16	173291	1
16	369476	1
16	643790	1
16	693825	1
1	101177	1
1	113326	1
1	175307	1
2	71161	1
2	288303	1
2	468402	1
2	715932	1
3	95029	1
3	163645	1
3	267157	1
3	288008	1
4	75055	1
4	175763	1
4	312431	1
4	413443	1
4	549263	1
4	679210	1
4	765017	1
4	1020081	1
4	1077398	1
4	1233840	1
4	1409336	1
4	1475979	1
5	75455	1
5	228112	1
5	334676	1
5	491424	1
6	155718	1
6	190849	1
6	244444	1
7	94650	1
7	172032	1
7	472313	1
7	670598	1
7	849405	1
7	889004	1
8	46457	1
8	142800	1
8	235912	1
8	319202	1
8	422434	1
8	485522	1
8	517376	1
9	35628	1
9	53717	1
9	197573	1
9	332459	1
10	40239	1
10	146412	1
10	289825	1
10	465795	1
11	51512	1
11	238513	1
11	340714	1
11	468862	1
11	570835	1
12	92601	1
12	243937	1
12	257504	1
12	387760	1
12	509817	1
12	826618	1
12	1005925	1
13	28623	1
13	94812	1
13	312171	1
13	509343	1
13	716317	1
13	794088	1
13	886291	1
14	51868	1
14	116676	1
14	310493	1
14	467219	1
14	624946	1
14	677958	1
15	201256	1
15	428753	1
15	520372	1
15	608818	1
15	727477	1
15	968360	1
16	46996	1
16	271083	1
16	506595	1
16	655575	1
16	892306	1
1	67476	1
1	100840	1
1	181085	1
2	46603	1
2	121576	1
2	196732	1
2	375303	1
2	524659	1
2	716328	1
2	769699	1
3	211159	1
3	254180	1
3	278462	1
4	59797	1
4	229466	1
4	433376	1
4	629725	1
4	702278	1
4	955435	1
4	999214	1
4	1163371	1
4	1254292	1
4	1433144	1
4	1477505	1
5	25874	1
5	89953	1
5	243090	1
5	334747	1
5	432416	1
5	489879	1
5	525798	1
6	54604	1
6	192279	1
6	201948	1
7	116310	1
7	189229	1
7	271683	1
7	432076	1
7	581660	1
7	608489	1
7	731771	1
7	847512	1
7	967359	1
8	48088	1
8	120184	1
8	187527	1
8	261563	1
8	352512	1
8	505918	1
8	517336	1
9	51375	1
9	159221	1
9	251980	1
9	268176	1
9	387285	1
9	422134	1
10	36722	1
10	281003	1
10	457504	1
10	554502	1
10	632972	1
10	703967	1
11	81244	1
11	208233	1
11	277294	1
11	403407	1
11	572586	1
11	631180	1
12	28820	1
12	91951	1
12	143770	1
12	340365	1
12	388801	1
12	507075	1
12	603693	1
12	709729	1
12	746036	1
12	861841	1
12	1011169	1
13	11831	1
13	236240	1
13	353814	1
13	405911	1
13	718679	1
13	810028	1
13	850650	1
13	901903	1
14	64611	1
14	169455	1
14	206892	1
14	310181	1
14	450995	1
14	505410	1
14	725512	1
15	59664	1
15	111851	1
15	217333	1
15	320907	1
15	427406	1
15	485898	1
15	586872	1
15	660722	1
15	725863	1
15	892334	1
15	943167	1
15	1042440	1
16	103486	1
16	226313	1
16	292958	1
16	481072	1
16	676046	1
16	843391	1
1	60062	1
1	188493	1
2	432452	1
2	662513	1
2	784495	1
3	165259	1
3	213413	1
4	84879	1
4	128199	1
4	200007	1
4	552958	1
4	631708	1
4	727791	1
4	821062	1
4	1251449	1
5	68039	1
5	215808	1
5	376635	1
5	490755	1
6	74275	1
6	173839	1
6	197196	1
7	60553	1
7	272410	1
7	415543	1
7	611480	1
7	804325	1
7	938329	1
7	968263	1
8	20206	1
8	142132	1
9	188668	1
9	290740	1
10	140679	1
10	203544	1
10	237582	1
10	461683	1
10	545218	1
11	204838	1
11	223928	1
11	370411	1
11	533931	1
12	66483	1
12	341003	1
12	431489	1
12	709555	1
12	783583	1
12	819981	1
12	835880	1
12	966548	1
12	1011677	1
13	182667	1
13	305574	1
13	577805	1
13	781551	1
13	852224	1
14	34701	1
14	76098	1
14	217816	1
14	469383	1
14	712306	1
15	84134	1
15	182827	1
15	218571	1
15	429294	1
15	638671	1
15	915900	1
16	133165	1
16	497423	1
16	761146	1
1	65893	1
1	109892	1
1	190389	1
2	31090	1
2	256714	1
2	295068	1
2	405142	1
2	548411	1
2	718492	1
2	799968	1
3	173075	1
3	212026	1
4	147887	1
4	263711	1
4	741208	1
4	929221	1
4	1013978	1
4	1080744	1
4	1385945	1
4	1410192	1
5	26074	1
5	156920	1
5	212715	1
5	242928	1
5	524242	1
6	55818	1
6	95324	1
6	205085	1
7	118656	1
7	234482	1
7	677465	1
7	798475	1
7	915422	1
7	999121	1
8	123284	1
8	189183	1
8	422064	1
8	469900	1
9	62705	1
9	277642	1
9	341560	1
9	395027	1
10	84359	1
10	411498	1
10	469066	1
10	637779	1
10	678099	1
11	229336	1
11	383716	1
11	525134	1
12	125500	1
12	234345	1
12	260029	1
12	323289	1
12	483833	1
12	611808	1
12	810817	1
12	826542	1
12	1018823	1
13	84939	1
13	302983	1
13	593842	1
13	675542	1
13	795636	1
13	812531	1
13	841662	1
13	859016	1
13	861635	1
14	34781	1
14	79857	1
14	104402	1
14	272148	1
14	333813	1
14	429614	1
14	543601	1
14	684617	1
14	749905	1
15	295247	1
15	511843	1
15	617527	1
15	804083	1
15	1006182	1
16	47914	1
16	158275	1
16	479619	1
16	638982	1
16	831849	1
16	899618	1
1	72366	1
1	127411	1
1	190434	1
2	47428	1
2	69277	1
2	107555	1
2	217645	1
2	386677	1
2	663155	1
2	697470	1
2	787705	1
3	44468	1
3	65512	1
3	241006	1
4	25066	1
4	200158	1
4	240632	1
4	502577	1
4	600198	1
4	732578	1
4	1079531	1
4	1414296	1
4	1424078	1
4	1465513	1
4	1479583	1
5	26521	1
5	46314	1
5	62341	1
5	233065	1
5	395013	1
5	526919	1
5	542826	1
6	80328	1
6	237725	1
7	57337	1
7	164414	1
7	344994	1
7	393752	1
7	447435	1
7	593678	1
7	609835	1
7	790209	1
7	914518	1
7	1012390	1
8	26624	1
8	39077	1
8	47890	1
8	54962	1
8	128442	1
8	394031	1
8	401706	1
9	85712	1
9	187247	1
9	268821	1
9	301013	1
10	64255	1
10	76947	1
10	190369	1
10	285919	1
10	464873	1
10	471175	1
10	628478	1
10	635474	1
10	661427	1
11	49105	1
11	122096	1
11	398711	1
12	20419	1
12	23365	1
12	28649	1
12	73331	1
12	113870	1
12	165131	1
12	323289	1
12	327552	1
12	387129	1
12	518793	1
12	852249	1
12	875690	1
12	911454	1
13	51704	1
13	165503	1
13	217201	1
13	285285	1
13	494458	1
13	674907	1
13	766039	1
13	810966	1
13	838020	1
14	33411	1
14	59837	1
14	205511	1
14	428017	1
14	687627	1
14	754974	1
15	71500	1
15	112555	1
15	214063	1
15	447394	1
15	514476	1
15	591952	1
15	656619	1
15	773704	1
15	822043	1
15	948327	1
15	1047609	1
16	54970	1
16	65467	1
16	151318	1
16	432411	1
16	676698	1
16	784400	1
16	886063	1
1	133693	1
2	29927	1
2	59163	1
2	139714	1
2	209120	1
2	323555	1
2	503654	1
2	676060	1
2	799429	1
3	51647	1
3	72714	1
3	207577	1
3	211188	1
3	259413	1
3	274970	1
4	86874	1
4	198355	1
4	356109	1
4	480202	1
4	766527	1
4	775989	1
4	887031	1
4	1021632	1
4	1076200	1
4	1263118	1
4	1423831	1
4	1467479	1
4	1494082	1
4	1508311	1
5	28361	1
5	73425	1
5	338171	1
5	437015	1
5	461991	1
5	565548	1
6	18943	1
7	165997	1
7	226135	1
7	388699	1
7	438990	1
7	623547	1
7	796376	1
7	951807	1
7	992791	1
7	1008477	1
7	1048499	1
8	35245	1
8	260112	1
8	381184	1
8	464751	1
9	50679	1
10	226907	1
10	395499	1
10	467394	1
10	568594	1
10	626732	1
10	710885	1
11	25417	1
11	32899	1
11	228037	1
11	515773	1
11	626721	1
12	33702	1
12	126796	1
12	209866	1
12	322880	1
12	422037	1
12	616624	1
12	759764	1
12	824919	1
13	17395	1
13	37935	1
13	165226	1
13	224457	1
13	308790	1
13	570651	1
13	576448	1
13	619991	1
13	912819	1
14	79857	1
14	196072	1
14	265163	1
14	398524	1
14	698483	1
15	41186	1
15	141908	1
15	287029	1
15	443410	1
15	489856	1
15	592724	1
15	717849	1
15	722756	1
15	861660	1
15	913804	1
15	977323	1
15	1059379	1
16	40451	1
16	152507	1
16	229199	1
16	306744	1
16	312010	1
16	450905	1
16	461004	1
16	465031	1
16	687595	1
16	832504	1
1	68764	1
1	74999	1
1	127753	1
2	41296	1
2	96899	1
2	163672	1
2	371915	1
2	471803	1
2	646325	1
2	755994	1
2	762793	1
3	22942	1
3	68429	1
3	258853	1
4	75833	1
4	277420	1
4	386832	1
4	508033	1
4	550659	1
4	590865	1
4	765800	1
4	1058233	1
4	1234824	1
4	1422077	1
5	26481	1
5	71757	1
5	232603	1
5	248443	1
5	425819	1
5	488551	1
6	85363	1
6	90105	1
6	94763	1
6	233408	1
7	57974	1
7	94812	1
7	281546	1
7	381171	1
7	489388	1
7	573711	1
7	646089	1
7	742840	1
7	849243	1
7	911905	1
7	998195	1
8	54828	1
8	141292	1
8	258443	1
8	341836	1
8	485113	1
9	37747	1
9	100159	1
9	290740	1
10	30511	1
10	122880	1
10	145751	1
10	296556	1
10	388285	1
10	464860	1
10	574074	1
10	643957	1
11	265820	1
11	369522	1
11	388970	1
11	498457	1
11	595611	1
11	635745	1
12	93133	1
12	258486	1
12	277758	1
12	414615	1
12	562289	1
12	661180	1
12	745054	1
12	829918	1
12	911454	1
12	1032213	1
13	19561	1
13	75489	1
13	249265	1
13	393714	1
13	492208	1
13	538594	1
13	671348	1
13	869751	1
14	57899	1
14	113109	1
14	184524	1
14	360841	1
14	426713	1
14	708633	1
14	748712	1
15	198783	1
15	287478	1
15	584863	1
15	648966	1
15	827554	1
15	960807	1
15	1049290	1
16	77868	1
16	83451	1
16	261632	1
16	457580	1
16	535641	1
16	623399	1
16	876119	1
16	896427	1
16	922508	1
1	33520	1
1	116306	1
1	190434	1
2	73977	1
2	221432	1
2	256190	1
2	651949	1
2	784289	1
3	156548	1
3	229199	1
4	54787	1
4	200603	1
4	364647	1
4	699935	1
4	834277	1
4	913016	1
4	956365	1
4	1467060	1
5	32072	1
5	35816	1
5	161222	1
5	292723	1
5	404282	1
5	440038	1
5	470220	1
5	484473	1
6	52381	1
6	254196	1
7	57507	1
7	273033	1
7	384536	1
7	481119	1
7	609643	1
7	687636	1
7	751413	1
7	899280	1
7	993698	1
8	121516	1
8	190732	1
8	226590	1
8	449648	1
8	455106	1
8	502991	1
8	514882	1
9	53516	1
9	135851	1
9	317315	1
9	332147	1
10	29919	1
10	126911	1
10	185213	1
10	320261	1
10	384329	1
10	686015	1
10	717062	1
11	70987	1
11	479141	1
11	614395	1
12	70338	1
12	178339	1
12	373728	1
12	508375	1
12	664503	1
12	965907	1
13	67370	1
13	81617	1
13	246531	1
13	309103	1
13	380989	1
13	509558	1
13	752192	1
13	840885	1
14	65760	1
14	124812	1
14	184845	1
14	555890	1
14	649918	1
15	193451	1
15	458968	1
15	604723	1
15	607710	1
15	890459	1
15	945160	1
15	1063440	1
16	40764	1
16	345808	1
16	358279	1
16	525664	1
16	607711	1
16	665728	1
16	784337	1
1	35404	1
1	114393	1
2	707808	1
2	788464	1
3	104762	1
3	222608	1
3	244900	1
4	53663	1
4	88985	1
4	167453	1
4	315369	1
4	622476	1
4	811804	1
4	930452	1
4	1269552	1
4	1341096	1
5	68972	1
5	100603	1
5	337323	1
5	505321	1
6	95414	1
7	163673	1
7	275103	1
7	353206	1
7	452711	1
7	564713	1
7	671747	1
7	903759	1
7	1047086	1
8	32507	1
8	142194	1
8	333150	1
8	416388	1
8	467635	1
9	86495	1
9	193191	1
9	301013	1
10	68817	1
10	585971	1
10	655117	1
11	94132	1
11	369495	1
11	638612	1
12	21940	1
12	124143	1
12	682088	1
12	720218	1
12	862543	1
12	911454	1
12	955734	1
12	1014401	1
13	42732	1
13	220558	1
13	318754	1
13	563993	1
13	654426	1
13	777340	1
13	841580	1
14	111374	1
14	197449	1
14	262734	1
14	318540	1
14	392306	1
15	216614	1
15	344037	1
15	722866	1
15	1007044	1
15	1010329	1
16	77752	1
16	167675	1
16	481714	1
16	691215	1
16	813358	1
16	887288	1
1	33582	1
1	94297	1
2	38777	1
2	113177	1
2	352273	1
2	473351	1
2	736281	1
2	773490	1
3	208096	1
3	228745	1
3	251846	1
4	280096	1
4	395427	1
4	453550	1
4	599785	1
4	641575	1
4	845372	1
4	1053143	1
4	1336758	1
4	1366306	1
4	1453128	1
5	39184	1
5	100616	1
5	175242	1
5	237353	1
5	401336	1
5	469593	1
5	476772	1
6	57436	1
6	91734	1
6	171712	1
6	220461	1
7	24955	1
7	52887	1
7	114319	1
7	205160	1
7	331241	1
7	612870	1
7	896577	1
7	960921	1
7	1010806	1
8	25908	1
8	159214	1
8	383062	1
8	389424	1
9	187247	1
9	265489	1
9	374457	1
9	409280	1
9	415967	1
10	172243	1
10	324713	1
10	368792	1
10	373465	1
10	645663	1
10	658478	1
11	20707	1
11	30911	1
11	306597	1
11	464070	1
11	521802	1
11	526740	1
11	633100	1
12	28387	1
12	44068	1
12	250580	1
12	422413	1
12	506062	1
12	931145	1
12	1046754	1
13	17704	1
13	173757	1
13	273313	1
13	443109	1
13	557577	1
13	677909	1
13	854620	1
14	34701	1
14	39054	1
14	48688	1
14	52877	1
14	187932	1
14	318891	1
14	350666	1
14	491790	1
14	530498	1
14	690727	1
15	25444	1
15	48721	1
15	79798	1
15	141626	1
15	287248	1
15	482038	1
15	489875	1
15	551930	1
15	737612	1
15	989291	1
16	90147	1
16	253590	1
16	297301	1
16	367968	1
16	447040	1
16	460165	1
16	616179	1
16	702095	1
16	842198	1
2	126052	1
2	315756	1
2	326513	1
2	505718	1
3	46900	1
3	136690	1
3	229199	1
4	357381	1
4	592614	1
4	699919	1
4	939767	1
4	1064124	1
4	1275897	1
4	1394120	1
4	1417808	1
5	69637	1
5	158364	1
5	431658	1
7	95313	1
7	372118	1
7	427028	1
7	524227	1
7	559110	1
7	740617	1
7	1042556	1
8	48242	1
8	332150	1
8	517085	1
9	188558	1
9	378596	1
10	111635	1
10	315968	1
10	386903	1
10	466234	1
10	631278	1
10	690419	1
11	25417	1
11	307642	1
11	402599	1
11	572859	1
11	626434	1
12	108009	1
12	235969	1
12	367900	1
12	540430	1
12	836920	1
12	950141	1
13	387680	1
13	472887	1
13	645786	1
13	836516	1
14	367438	1
14	520272	1
14	661955	1
15	161484	1
15	220680	1
15	477785	1
15	732172	1
15	764355	1
15	832532	1
15	847283	1
15	1064249	1
16	49871	1
16	69045	1
16	171642	1
16	371890	1
16	518429	1
16	699264	1
2	44557	1
2	124095	1
2	196292	1
2	291741	1
2	482593	1
2	587705	1
2	703003	1
2	774150	1
3	47821	1
3	77070	1
3	230114	1
4	61571	1
4	303153	1
4	323148	1
4	617118	1
4	1053125	1
4	1092216	1
4	1201447	1
5	15878	1
5	202467	1
5	523127	1
6	95743	1
6	113707	1
6	222337	1
6	224813	1
7	87489	1
7	94932	1
7	210725	1
7	306247	1
7	313906	1
7	458511	1
7	826194	1
7	897066	1
8	69461	1
8	158160	1
8	272583	1
9	88872	1
9	238339	1
9	338354	1
10	155674	1
10	281144	1
10	345843	1
10	525397	1
10	543968	1
10	546560	1
10	663615	1
11	62743	1
11	80114	1
11	361525	1
11	500166	1
11	631335	1
12	193329	1
12	257026	1
12	341804	1
12	543518	1
12	730324	1
12	839270	1
12	1000249	1
13	95720	1
13	193613	1
13	480037	1
13	497054	1
13	860455	1
14	239885	1
14	273877	1
14	371178	1
14	543601	1
14	664720	1
14	690793	1
15	267677	1
15	422135	1
15	558512	1
15	725004	1
15	773244	1
15	944086	1
15	988929	1
16	121151	1
16	153392	1
16	320314	1
16	467829	1
16	502737	1
16	834084	1
16	888534	1
1	47614	1
1	190776	1
2	70456	1
2	154249	1
2	347277	1
2	569947	1
3	173075	1
3	230279	1
4	94670	1
4	286979	1
4	598879	1
4	704969	1
4	833776	1
4	1251034	1
4	1495441	1
5	43683	1
5	70435	1
5	257056	1
5	337198	1
5	343268	1
5	410283	1
6	55300	1
6	226047	1
7	166300	1
7	180373	1
7	397003	1
7	959734	1
7	968555	1
7	1017032	1
8	488534	1
9	52904	1
9	59608	1
9	240641	1
9	332451	1
9	368188	1
10	349833	1
10	391547	1
10	496276	1
10	569814	1
10	690355	1
11	307628	1
11	452465	1
11	524073	1
11	638601	1
12	22484	1
12	143452	1
12	199108	1
12	229575	1
12	281509	1
12	287365	1
12	560679	1
12	658158	1
12	755357	1
12	826996	1
12	872291	1
12	876615	1
12	1032325	1
13	33703	1
13	82433	1
13	121217	1
13	348796	1
13	355361	1
13	701125	1
13	843779	1
13	859067	1
14	80023	1
14	605805	1
15	212889	1
15	486256	1
15	587065	1
15	881834	1
15	1039778	1
16	41762	1
16	426306	1
16	865523	1
16	867734	1
1	92282	1
1	124936	1
1	143756	1
2	107823	1
2	117175	1
2	332950	1
2	452785	1
2	488838	1
2	675398	1
3	41262	1
3	210470	1
3	247005	1
4	30649	1
4	133860	1
4	368264	1
4	680578	1
4	700694	1
4	924356	1
4	993925	1
4	1251871	1
5	35094	1
5	378474	1
6	130388	1
6	167467	1
7	226093	1
7	391930	1
7	580403	1
7	584800	1
7	660045	1
7	847738	1
7	1050894	1
8	54503	1
8	70508	1
8	189052	1
8	375138	1
9	46823	1
9	84909	1
9	243099	1
9	322028	1
9	344245	1
9	384761	1
10	60522	1
10	238803	1
10	361684	1
10	544391	1
10	634209	1
10	696547	1
11	22305	1
11	96636	1
11	307550	1
12	23254	1
12	35956	1
12	124346	1
12	342352	1
12	500677	1
12	733035	1
12	839270	1
13	192496	1
13	540775	1
13	710111	1
14	22104	1
14	79373	1
14	247451	1
14	699042	1
15	108281	1
15	240493	1
15	457099	1
15	702808	1
16	133586	1
16	281029	1
16	775562	1
2	162550	1
2	255003	1
2	664576	1
2	698856	1
2	773489	1
3	78303	1
3	262369	1
4	31505	1
4	369935	1
4	416626	1
4	502267	1
4	830203	1
4	915540	1
4	1079687	1
4	1278275	1
4	1289420	1
4	1383525	1
5	67245	1
5	212204	1
5	315896	1
5	405355	1
5	491528	1
6	45030	1
6	131394	1
6	199979	1
7	110971	1
7	174973	1
7	400581	1
7	434116	1
7	548167	1
7	786860	1
8	62898	1
8	69703	1
8	297216	1
8	519374	1
9	339906	1
9	403892	1
10	77493	1
10	327727	1
10	529888	1
10	570896	1
10	573543	1
10	722489	1
11	19097	1
11	171137	1
11	230610	1
11	590496	1
12	24675	1
12	500886	1
12	624305	1
12	732501	1
12	836013	1
12	884158	1
13	223690	1
13	356775	1
13	512056	1
13	860707	1
13	867309	1
14	36757	1
14	186677	1
14	274299	1
14	342537	1
14	496149	1
15	285112	1
15	606890	1
15	915888	1
16	46470	1
16	107073	1
16	310075	1
16	373496	1
16	516968	1
1	78863	1
1	114246	1
2	49183	1
2	117065	1
2	135686	1
2	182613	1
2	357195	1
2	634915	1
3	232795	1
3	244900	1
4	33789	1
4	128039	1
4	315380	1
4	479789	1
4	627221	1
4	831217	1
4	924173	1
4	953673	1
4	957111	1
4	1053924	1
4	1183394	1
5	67865	1
5	100516	1
5	255603	1
5	473213	1
6	31341	1
6	189785	1
6	213320	1
7	125023	1
7	234482	1
7	380998	1
7	639293	1
7	849419	1
7	997549	1
8	67266	1
8	99454	1
8	122508	1
8	175823	1
8	256044	1
8	333150	1
8	484009	1
9	89175	1
9	279023	1
9	387402	1
9	389971	1
10	83353	1
10	237397	1
10	360223	1
10	684464	1
11	38491	1
11	205562	1
11	309028	1
11	525740	1
11	619646	1
12	49035	1
12	425914	1
12	809522	1
12	1011790	1
13	97309	1
13	121012	1
13	339947	1
13	397022	1
13	477911	1
13	773670	1
13	887514	1
14	116253	1
14	187660	1
14	428827	1
14	695256	1
15	533680	1
15	773244	1
15	966275	1
16	40453	1
16	182743	1
16	340591	1
16	771363	1
16	839644	1
