688
846
986
1001
1065
1137
1257
1266
1327
1888
2560
3002
3722
4108
4610
4611
5511
5524
5566
5692
5925
6240
6265
6339
7236
7362
7423
7512
7757
8173
8212
8482
8489
9239
10632
11575
12553
14802
15507
15588
17234
17327
17484
17575
17837
17976
18329
18357
18738
19917
20482
20698
21056
21248
21730
21752
21900
21982
22230
22387
22458
23268
23805
24284
24606
24858
24984
25229
25800
26044
26522
26601
26764
27315
27475
28568
29016
29031
29178
29239
29751
30348
30450
31246
32127
32463
32922
33106
33133
33247
33450
33762
34264
34380
35012
35546
35615
36072
36245
36282
36368
36372
36970
37162
37658
37766
37878
38130
38136
38164
38221
38238
38577
38692
39206
39428
39861
40067
40084
40100
40176
40266
40414
40967
41632
41702
41982
42172
42864
43438
43628
43767
43798
43837
43844
43901
44321
45172
45971
46243
47292
47733
47966
47979
48051
48233
48263
48765
48998
49160
49481
49590
49784
49933
50008
50443
51393
51680
51709
51997
52011
52112
52423
52931
53051
53100
53688
54261
54345
55233
55866
56456
56479
56599
56723
57274
57309
57325
57423
57489
57506
57679
57701
57775
57775
58429
58636
58729
58771
59848
59925
59987
60035
60052
60189
60283
60316
60333
60518
60898
60963
61080
61089
61219
61641
61902
63016
63225
63334
63509
63765
64457
64544
64695
64809
65240
65421
65523
65527
65740
66000
66364
66805
67149
67299
67468
67489
67647
67673
67728
68093
68429
68600
69044
69347
69687
69725
69792
69959
70041
70116
70149
70162
70228
70238
70348
70404
70416
70518
70666
71161
71264
71293
71377
71430
71448
71545
71782
71875
71956
72132
72206
72344
72349
72375
72559
72561
72707
72773
72913
73139
73166
73519
73704
73828
74726
74921
75107
75302
75579
75643
75779
75850
75860
76439
76546
76861
76869
76952
77683
77799
78000
78325
78562
79239
79264
79394
79661
80773
81297
81362
81978
82005
82138
82201
82225
82429
82711
82742
82992
83006
83551
83760
84028
84046
84369
84665
84973
85461
85520
85710
85877
86036
86108
86630
86672
86749
86774
86935
87104
87556
87591
87748
88234
88335
88520
88751
88946
88976
89001
89182
89219
89281
89404
89518
89544
89656
89819
90172
90192
90327
90591
90627
90633
90693
90844
91033
91163
91336
91383
91579
91590
91702
91909
92252
92319
92434
92436
92548
92587
92808
93386
93576
93654
94313
95466
95508
95772
95829
96121
96154
96272
96760
96875
96950
96976
97737
97942
98115
98294
98306
98425
98550
98656
99042
99542
99758
99782
99812
99917
100226
100347
100441
100637
100848
101053
101148
101455
101475
102260
103597
103966
104207
104260
104275
104423
104593
104755
104802
104833
105147
105307
105477
105629
105666
106377
106419
106704
106812
107245
107360
107448
108101
108409
108493
108500
108944
109060
109595
109649
109684
109839
110186
110224
110561
110921
110982
111027
111179
111533
112075
113019
113180
113429
113570
113635
113793
114919
114974
115298
115394
115420
115721
115735
115838
115893
116156
116213
116502
116667
116869
116910
117053
117377
117661
118154
118174
118357
118429
118546
119025
119058
119703
119744
120471
120634
120734
120949
121029
121444
121576
122639
122684
122914
123204
123363
123679
123833
123995
124894
125051
125212
125422
125558
126566
126905
127070
127748
127806
128160
128161
128182
128407
128516
128638
128808
129572
129728
130428
130623
130937
131193
131306
131465
131948
132287
133009
133189
133562
133636
134325
134426
134952
135124
135475
135604
135864
135885
136161
136220
136235
136411
136759
136965
137308
137720
137754
138007
138196
138489
139000
139090
139197
139907
140674
140750
140950
141040
141084
141244
141611
141834
142216
142837
142885
143062
143317
143490
143728
143845
143999
144393
144604
144814
146155
146741
146757
146880
146980
146993
147521
148962
149098
149213
149392
150028
150172
150425
150599
150958
150984
151224
151570
152461
152819
153942
154127
154250
154695
154887
154901
155918
156135
156536
156817
156923
158002
158010
158179
158364
158659
158850
158886
159016
159073
159445
159776
160359
161703
161812
162555
163425
163562
163651
164156
164267
164408
164855
164870
165008
165069
165194
165247
165258
165660
166060
166334
166618
167815
168468
168664
168793
169424
170309
171072
171446
171734
172023
172320
173368
173812
173983
174211
175291
175414
175498
176888
177412
177848
177929
177956
178150
178339
179696
180379
180478
182086
182299
182318
182552
182696
182866
183548
184227
184234
184521
186056
186216
187796
190750
191825
192613
193580
194843
195295
195528
195648
197110
198078
198088
198110
198388
200511
201314
204000
204414
204827
205019
205789
206260
208094
210602
210931
212483
213561
213651
215596
217010
218347
219418
219509
220719
221934
223502
225019
226270
227861
229177
229378
231279
232260
233344
234421
235093
235589
236204
246499
247168
247385
248753
250886
257320
257488
260610
273105
279471
286491
288012
292081
299564
299962
303506
307478
307871
314644
315373
323736
336814
368942
414279