2211
2476
2593
2647
3438
4325
4397
5857
6071
6565
6602
6704
6805
7443
7659
8821
10757
11144
12106
12702
14074
15289
16005
17018
17964
18571
18621
18820
19175
19995
20116
22218
23055
23689
23704
26752
29501
30467
32183
32188
32242
32650
32654
33535
33992
34280
34883
34909
35384
35737
36053
36535
37079
39092
40516
41008
41713
44843
45295
46692
46927
48146
48240
48730
51934
53315
53576
54450
54910
55657
57075
57204
57269
59141
59196
59473
60603
62338
63421
63697
63986
64002
64700
67015
68177
68281
68585
69570
70872
70935
71146
71608
71639
72197
73537
74332
74634
77106
78929
79331
79538
80141
80221
80889
83793
84778
85207
85337
85640
86173
87621
88390
88699
88727
89790
91810
92454
92509
92956
93906
94250
94957
95449
95522
96813
97199
97199
97301
97479
100015
100809
102597
103211
103466
103512
104730
106090
107305
108196
108946
109460
113221
113845
114051
114423
114528
115298
117055
118223
118544
119835
120967
121119
122826
122881
123419
124357
127960
129471
131169
131931
133085
136378
138641
141683
142290
143162
143472
144605
144837
144959
146516
147431
147443
147514
148130
149467
149920
150859
152040
152834
153044
153611
154044
154458
155087
155281
155709
157848
157944
158326
158444
160980
164410
165044
165837
166492
166922
167071
168078
170260
170747
170842
172900
178281
179205
179554
180836
181033
181507
182707
184067
186087
186560
186806
187341
187693
188474
189704
189848
190038
190730
190853
192308
193029
193031
198589
200248
201714
202161
202268
203002
203156
204333
210127
210914
215775
216606
216712
216966
217610
218006
218934
222158
222670
223662
227513
227580
232358
234404
235233
238693
239564
239848
241167
241582
244407
245709
250234
254388
257105
258295
266429
273294
273367
276804
277720
281412
282226
283908
286423
293970
295759
311901
312314
321778
324242
327936
331347
338430
343380
345764
348280
348651
359886
363401
367683
376879
383608
384544
409573
417259
430772
436007
439218
451591
476211
494533
525783
562731